10
13
16
36
28
40
43
59
68
70
73
87
93
91
103
105
117
126
139
132
153
157
154
160
174
115
228
296
95
227
243
223
349
280
383
434
190
221
399
296
594
642
360
494
782
486
1136
657
444
417
655
629
922
730
1101
486
1113
930
1181
1424
1299
1778
1743
930
1078
2723
2187
1439
1831
1366
1625
1286
2008
1808
1660
2412
2289
2738
2229
4466
2467
3854
3144
4932
4641
3307
7344
4481
3099
3839
6695
3247
6592
9839
4237
5152
4237
9573
9633
6649
10829
12276
11985
11985
14305
10932
18144
9956
15413
19620
15169
17478
27154
30582
18542
19472
18542
29428
16084
19529
18634
31514
30818
41413
41413
41704
27154
53398
46683
60246
71940
37764
62096
80552
68858
78180
68346
96012
94264
72522
98286
88387
94811
166751
119205
127235
154389
228847
124863
207592
199175
226329
172991
345534
185109
530643
307027
312344
405313
166567
156733
697394
221499
624907
697210
281624
339498
323300
1020510
339498
1228102
1360008
538673
522475
374159
497453
1602261
1413211
662798
861973
1909288
2433721
3137390
604924
4550601
662798
2207185
2581344
3476888
2275184
1002296
1542985
2902993
1394669
3994555
3877445
2022806
2396965
4419771
7687991
6152862
6379881
4978309
4139686
6575899
6887597
4297990
7616574
3976013
8175668
14192473
9710797
14130568
9276299
3277480
12532743
7154925
4925799
10450852
18069918
9430342
20161649
23406867
43568516
21747142
13252312
32262391
19687668
22045931
43568516
34292217
22306236
31023441
57699084
43568516
87137032
65614447
52998858
65614447
44053378
66251170
75830907
109443268
35558548
65315658
87660378
66975383
131228894
79127064
75076819
240672162
110150505
53979885
110123124
122695580
96637888
175737571
306923332
254864635
128075677
210355958
197772399
144442722
430602206
517279290
145709053
430602206
298433151
438444561
729035357
352413036
198204277
320506463
465220593
449050924
352413036
451366054
528150607
638273731
783015242
685466841
1089938574
648800519
977201531
1166424338
408560235
1057360754
597075107
783015242
2223785092
993371200
947233670
1135428278
3359213370
1267740133
3200986623
1924435201
1468482083
1087324655
3014373775
4827695453
5236255688
2525842837
1772791496
3583203591
2736222216
2603910361
1495884890
2159795538
2128799478
3719669982
6215360398
4763705899
4509013712
4510258665
4288311278
7647524648
4099795251
8388106529
5712003069
3597281561
3823546871
6448106816
10948258757
6006143555
7316951543
10271653687
5595680141
11747319899
9019272377
9811798320
10958365481
9143409538
8333805536
10547902067
8228683694
7923342122
18605459223
12622116814
15867333828
19464615389
25010743366
22429006094
31458850182
19282064293
50923465571
18500337381
82382315753
75934208937
34154152904
116536468657
40929343475
18831070697
59257271107
95004432567
56469593548
67485954801
132403802485
157465812132
18776585761
42382836598
34643919589
148271136313
89914960895
264807604970
216723083239
267646548810
199889757286
308575892285
350028864563
93901190696
192109731721
157400915696
75300664245
482432667048
282024692616
501209252809
247380773027
456917336691
224886870497
391999489007
443930055259
542138596284
591889246293
707319537545
699155750287
639833582744
789519369311
1488675119598
873913938909
1048806582984
1331657965595
1015895429830
1688640165728
416996602218
945139308068
1297920122446
797234498440
2285909618038
2005239659991
2485874664168
2737446748712
1124316139763
2422236262209
2786595242044
3028013260452
3154443350930
4643118470528
3436602498999
1922720521893
3159823556947
3129555799754
2812956305491
7456074776019
2702906220256
3129555799754
5313922878490
5840969565943
7763690087836
5942512105245
5640318015098
13398586881264
5576679613139
13340369700975
7645557675089
4253871939517
10791703348288
16153326006466
8473746435437
6182456611382
18917049314114
16835189380263
8453274320589
18966282311957
8769873814852
8279585833395
16225948590871
17243620250289
21802628204010
18555393436124
25696894570878
22335782617848
14294243886532
35676152318823
37883331626071
40358021640134
40891176053972
12727618374954
46467855667111
38424512945832
26589654557365
40891176053972
57117124644843
54941602102548
66588070624850
47194386760684
57390795257789
36096872090542
46704098779227
38424512945832
123978865882639
39991138457410
83087689828667
80638496673426
64472986183436
82870539079507
83980449815154
76849025891664
133966150536507
147343525262943
147226567298276
271205433180915
123978865882639
93366115048380
95815308203621
187334663720353
351843929854341
104094894037016
409234725112130
176453804877047
181160537297191
225759176666185
315126687833698
217344980931019
462353255131974
475822795736980
571638103940601
259541494705714
395184299063554
398505518228210
499070497152617
449092838370205
283149971923974
897576015380827
710310986897252
430376539222250
1140687526119502
402212981543232
658047012933924
539178593574694
827666725591321
839207550231115
1679866119694196
854305281408392
929447036374867
1316658536540366
764219526203903
844277137433759
1616510321856482
2082079101237428
1324631335438421
2018723303399714
2792390088134680
1110816697515295
901283478695849
2846390028991035
1393966669439269
1497254563165039
1197225606508618
1907536593405870
1627602145730868
1440462072270543
3068064218001411
4240356698430304
3690667166424794
2168908472872180
4117021423573101
4591950645120643
5860454306136091
2608071260680334
5709390469824508
3232167928844291
1955093834949054
6285929896445281
6971271003651386
4186356757573949
3969347696697260
8928518524137502
5166573303205878
7149852542095051
7767990899541961
3404791156570909
5867958844161172
12137844306857264
9395593045272829
10526286594875585
12316425845300929
17998298612993355
11157627761225335
19287696848952315
25766289512535316
14924497105981263
13987543690393472
5840239189524625
20091070409187141
9837306540858432
12627760974117120
17304417610063142
18005803151018436
21683914356100920
20395751873659081
32930300256999699
26437549391047366
23172376454224314
15677545730383057
44443352542065802
24761803646839695
41178179605242750
32922795718974618
20994934302083767
47018418794767375
42678848658184687
31291961300456614
50234717867062841
50928598869993054
58356394388567744
35768616139570198
91279190107542362
68691411858544816
67109489203954516
37700169483722223
57729510691503980
126420922550048796
70190795248991689
112963104463643282
58095921357381304
127047806247112560
83157513586037459
100774770015565991
98401450504411130
121769704317649758
161469985356534051
91018717076355922
109788337862139203
208189788366550333
107964228558566821
266546182755118077
199243418666109183
388315887072767835
265919299058054313
208189788366550333
166060149915948125
199176220519977121
165693739250070801
334610710916599129
278380583615542022
271258323218673254
444074322865612823
348571378864533711
447573815380242411
327163724606604852
654235186130822148
654235186130822148
486717337577178965
683182089781132840
844652075137666891
762199414689388969
479448111585223587
549638906834215276
535353512973155185
848875829031203641
853411406650799269
1133683297716045735
1404941620934718989
1978335372853712626
1218535602754288025
643250543385589944
927893153939459770
3383276993788431615
1582128340070281918
2431004169101485559
4037512179919253763
1445381504470521809
4066459083569564455
1380005588110822076
981398910737427000
1895882712405434704
2426780415207948809
2661517462634845466
3795200760350891201
1690092568628848739
2435539746721081187
1776933841101635679
2067411431785491666
3285947034539779691
7861659843920455656
4405115788061661435
6383451160915374061
8200316548412552636
6699029642554099229
10420963340834627824
6493239498777513264
8281157982624381147
7691062822601441126
9638593685022091335
8442627967980915198
4557400175040280170
14195993860062371505
8475963483655734908
11486263582952332327
13176356151581181066
16857511322697216971
10911503230376816095
19519028785332062437
14866448720210029805
15972927701164007184
22057653703982827161
18112026163436068950
17838910233434643971
35234009855564008227
14826079128896289259
24537939875988743200
37714296027569924266
27769014553074033066
29062442580272401310
36753505402873842436
40945370704655214132
27477503918456735306
56539946498729136616
37714296027569924266
34696421556131860942
52535331789566504913
81597774369838906223
62252235903558667466
31288382315017250016
66776738607842325576
82749666309006332760
54865531566309911386
120463962336576257026
81643187328052355381
69691610695206200645
53600382456261144510
72704441799744555357
54592415636308486407
65191799946026659572
69418494765204775666
106135714245827649423
115852618359819811976
151289385065045106868
143330122278276547282
170807626196733282588
237584364804575608164
216481185011071766440
170718149926129723362
168387950149386316889
249985724519225223112
125239773589311060270
187240700944418582602
283257923618914092016
136350048765267477270
350034662226756417592
190942464401575963677
408497697208225152286
576885647357611469175
136235602964360841788
294619507343321654150
408497697208225152286
252202667125087289246
437949629621598201432
514633411454052801709
520752812152886140954
365838342879045035088
691755620827139244302
430855110307682495938
871505154700933123325
685441037650786084297
929250509361111293240
816995394416450304572
804010735771800232970
261589822354578537540
714113033926596587954
953345443181717781842
599440161609801115963
1035386223606938942663
1212508432980025385256
540977126628332381269
1391295072803315983274
1727141844434078186965
1330005730950260596813
1929445892560061712776
1474098255334603922796
1234865846079482728908
2195305808575116216244
1926621466906621973210
3057147575384338783778
2882791335741779494618
1302360265008615619263
2337746488615554561926
2467598593534954354479
2962007690513560915873
2326582006043879302928
3653763311340700160175
3628942271052494922191
3769958858543569973742
5849069119915816376419
3161487312986104702118
2882791335741779494618
2247894656586964327919
6884455343522755319082
3008575720163286735748
3118436917237394170239
4482673975497890658544
6677979784073006874788
5849069119915816376419
9767246679264534813700
6809255981541769961472
5717539821577373387452
6652750194285349468360
9927692898779164131711
5939938911126118278396
4805345082150508916405
5366331573824358498158
12810484234520943626329
12093828685308414116628
10522884903727882303857
12658325101457586337891
17293158210018834284873
11789008031041934654815
23945908404304183753233
8835976738814767557691
14775915649940885836087
15488726933100117026051
22297982914641886987523
16594353113192443571220
24102414191560604246345
21337796053015933402470
15133578253088893311858
17942897805224230493047
15867631809905282410107
45283704457320117155703
23309229379048588991205
15889216477552240802015
66621500510336050558173
25430329852007211128911
26564923680982820490902
38658752366291234607530
48048322595864787999578
50752581051599648724158
71848628138302937646605
33996121154473519740361
30264642583041002862138
88919483424977937545696
43635778967657820389993
65528496701540534560245
69386118648880721402048
99524617856014054300606
65223676047274055098432
66621500510336050558173
56601650171515465100577
65886159304688542036016
123223150681851515658750
117467515661238284793653
72490866649067705902592
174069165832753749894230
76182910903606859853069
110257279477993870948166
109521938272346362426009
145569029552487581255117
91788599728256875589334
105280252876627285165703
113271998643138843098010
90597771325988984840938
179893499153474893656183
134233550293646805230931
285173752030102178821886
398445750673241021919896
463669426720515077018328
135272277953569263438064
287341164475892592992240
397598443953886463940406
190835200465162270331508
576941425363653920116338
419407302323748984052817
142069070208295401889085
402641267691340463615539
511195902052005859642151
473781354857493323793475
279349418709381035059933
646468180005575123080215
507921520567967748781242
598519291893956733622180
649990590776263150670327
755270843652890435836030
478176364941054863323748
537913545644909727053603
276302620501942207120016
1050722780221147243909813
1700713370997410394580140
996117735847843197562586
971590947288482825799570
925817598714956158140148
986097885509022612104990
418371690710237609009101
874821912395898940742196
875774808894941327264154
929340009485644185730260
1871892544742784524826740
1064839870715812732089316
1124644544946629986403963
956285236355147336062704
1598425899804123310197438
1882102835070103494202852
986097885509022612104990
1124644544946629986403963
1524812503172162091412523
1404469576219260221114091
1524011431153932339158593
2723070444750753296601401
1262400506010964819225006
1662558090591539713457566
2588375689306495871597714
4460268234049280396424454
1940614679610754059353470
2529114121165890207518054
3653215560022308603687030
2947485811876127816527155
2138175314905906146489160
2400587312067103418676677
5476599933042018024045209
9936868167091298420469663
2801232554228428710557000
2618843326946687049520270
5085661126782033963016315
6860855546116383815101131
7223836441687940109505475
3002895476023383531311529
2248498391519987431329996
4143655830118849140932793
6490130703001294184130406
7704504453728721012536585
7796871390141157744619823
4385628535342293010058967
9019244824167184391648460
14084691987804323924606606
7139158023633557737502775
6598443548955186542913614
16243081265855124501153935
6672769951284739348450847
9019244824167184391648460
10143346263023602787817436
8277832487270446734602209
11848160283847570153469378
5804128030251812241868529
20125992771118016888071587
17641372620820019433006248
14104905950949218354664775
16723749277895905404185045
21809410404677939367201360
17297077311437631126250669
8807023506275195773180058
13162900654286033532581253
19909033981201030596533304
27048192004834588334036079
20125992771118016888071587
24511621306460309898130554
10984072084297479552972581
27265150794751574625574362
33863594343706761168487976
30327773253659448425760541
36632783259096936000718349
15479793457559935121630905
45439806765372131773898407
52112576716656871122349254
25011060938133603686050631
37767365391938036321077835
39106487716115570493452029
25011060938133603686050631
39991414764020245019761459
24286816963835130894810963
30616433910953135140381418
34020826589333536530435714
76056240676325266914279825
32776870768997566247881574
49343387801266696290118881
40490854395693538807681536
112689023935422202914998174
54313342799586162959610441
57787931707131169933932205
88745359975753807123067603
162032411736688899205117055
79097902480135815513213488
61285977384085111156010076
64823181258826631411749786
162032411736688899205117055
119073909091216281089942281
143360726055051411984753244
116047655440345511934041284
238088652413014166119396880
69722921627068705633833447
199799777128626935526194890
318873686219843216616137171
79959821712219831430500299
201434383911176010038065777
226855592995515530616866841
84929776710539298099991859
108833111445322833162161399
192103896116670778848321109
241130314216824714718330543
196007477152565343364541583
267346447391209069424548377
427706797665166049778298570
134273164511805994390110740
257587708835758105460127095
459450343507879848272869486
187931013925458648675374887
370216319050566942601620085
180359886475301392245952357
403803462930382514716129030
339368203207616755349294827
339368203207616755349294827
178556033072391538795994846
315847432568972447460236174
265289663185840690345944216
580498517424441470067625370
583193879960181516884784551
494202040386724600041415218
651554239624550627121190595
447706333866510461670500734
366487046997850187471369733
623714274817731393142840153
437137791369390058082872126
843658135741221405969511704
776505994577006813432166953
950714836475008412669245455
1271364933406387455747810274
669093126116223205062073246
527299217133075404024669714
1574429111292739805812085608
763553766435482909130736908
814193380864360649141870467
1107797734557516874092295084
1344052283859924379198362278
1759351974182067501213485679
1373087397743357564438239300
2867149708739584375305780763
2286651191315142905238155393
1533908716435189929554030006
1437907655682092042284710620
2021101535642273559169495171
6609672557935966302174909
2670677429693765109432397
2338806032830540076473779
1383605649272272337014406
160721991412343605618951
19756549008790661554127
7850254801816152288790
12234949357137675279757
2284368673804258988119
4014696866901966868534
8584264209725190824461
1094090337805499016234
1476184434914141087
16841648014091349942
1579224372711904826
1200490312445379385
19937810122524247282
52984272304954709
1109792511814386952
19546743914389219
13470165558856606
2317640198647781
2057010984708218
24109449609259315
7387916647479075
2969264578047926
8935236492075599
1925427599883381
231169672385188
121106212612532
74003149979810
39942659114940
50067940538682
8018822039309
5305693374511
61367398133912
4881520364119
18294287646417
1482876605875
299865903120
1134979856064
820081819619
254421709256
7769537584
3392511168
1734160468
1156906101
2801392758
874641676
51679970
10726548
1187070
1038227
174832
2829239
129699
16166
38071
40407
2632
7619
394
58
2
3
5
0
6609672557935966302174909